,tooth_01_count_code,tooth_02_count_code,tooth_03_count_code,tooth_04_count_code,tooth_05_count_code,tooth_06_count_code,tooth_07_count_code,tooth_08_count_code,tooth_09_count_code,tooth_10_count_code,tooth_11_count_code,tooth_12_count_code,tooth_13_count_code,tooth_14_count_code,tooth_15_count_code,tooth_16_count_code,tooth_17_count_code,tooth_18_count_code,tooth_19_count_code,tooth_20_count_code,tooth_21_count_code,tooth_22_count_code,tooth_23_count_code,tooth_24_count_code,tooth_25_count_code,tooth_26_count_code,tooth_27_count_code,tooth_28_count_code,tooth_29_count_code,tooth_30_count_code,tooth_31_count_code,tooth_32_count_code,tooth_02_sealant,tooth_03_sealant,tooth_04_sealant,tooth_05_sealant,tooth_07_sealant,tooth_10_sealant,tooth_12_sealant,tooth_13_sealant,tooth_14_sealant,tooth_15_sealant,tooth_18_sealant,tooth_19_sealant,tooth_20_sealant,tooth_21_sealant,tooth_28_sealant,tooth_29_sealant,tooth_30_sealant,tooth_31_sealant,chewed_gum_before_draw,oral_hpv_high_risk_any,oral_hpv_type_6,oral_hpv_type_11,oral_hpv_type_16,oral_hpv_type_18,oral_hpv_type_26,oral_hpv_type_31,oral_hpv_type_33,oral_hpv_type_35,oral_hpv_type_39,oral_hpv_type_40,oral_hpv_type_42,oral_hpv_type_45,oral_hpv_type_51,oral_hpv_type_52,oral_hpv_type_53,oral_hpv_type_54,oral_hpv_type_55,oral_hpv_type_56,oral_hpv_type_58,oral_hpv_type_59,oral_hpv_type_61,oral_hpv_type_62,oral_hpv_type_66,oral_hpv_type_67,oral_hpv_type_68,oral_hpv_type_69,oral_hpv_type_70,oral_hpv_type_71,oral_hpv_type_72,oral_hpv_type_73,oral_hpv_type_81,oral_hpv_type_82,oral_hpv_type_83,oral_hpv_type_84,oral_hpv_positive_control,oral_hpv_internal_control,oral_hpv_any_type,oh_told_gum_disease,oh_self_rated_dental_appearance
tooth_01_count_code,1.0,0.2403162737613422,0.08458196148970361,-0.022426158099771075,-0.06668018391579664,-0.014333768900034731,-0.01371550541967108,-0.008922507405306614,-0.0041824949992265124,-0.006499420157075371,-0.021620822175657695,-0.06102967543969065,-0.02887001047326183,0.11538081634866222,0.2517382067401934,0.6674113448892366,0.5401131661692498,0.20799495169483018,0.09182338708696625,-0.01865487948333606,-0.05009234950495903,-0.031258767377733025,-0.014641254284083732,-0.0029322670687111038,-0.0034520956426169836,-0.01301589519558092,-0.03210155257846373,-0.04607784126061537,-0.019556126440287303,0.08397099254866362,0.20303548218768197,0.5842773398750919,0.1744115498163335,0.07435772843391705,0.024450988091292893,-0.03745224993985489,0.1184479262001617,0.12203027343431866,-0.023792878798664693,0.025231096150515282,0.0691421855125198,0.18628956516317316,0.18289837193568123,0.0945653084476804,0.03974662003752214,-0.0029577526811700575,-0.003295940491289212,0.03903274082931859,0.0870738285107323,0.18549380202410343,0.032015934335804665,0.027086107744387144,0.030854851104993586,0.031058384144635947,-0.0022858192029175995,0.015574439617458307,0.0250869769541426,0.02708376187665113,0.012890013003127946,0.02298076452322111,0.025759201925268566,0.02508697695414246,0.014469988660379275,0.030890057865721198,0.030795251483621666,0.02899657268910742,0.012441285393023931,0.021305045977998798,0.03509124196376868,0.03408899998356653,0.019913778320175303,0.008565461236406351,0.02055030053764164,0.02938518211642216,0.048952783379777674,0.02903447959036477,0.02338107706511962,0.027141992536437162,0.021305045977998645,0.025357567979971168,0.02333150517575503,0.01665206018213545,0.0238943448389888,0.0231618077621274,0.01718988768908007,0.010706826545507702,0.03412904421805854,0.027083761876651034,0.013024433278788909,0.13597444935751737,-0.013202730411294081
tooth_02_count_code,0.2403162737613422,1.0,0.5075268442403481,0.05173867026138898,-0.0705035132853117,-0.03866077500154819,0.026256515714407694,0.04646355931514653,0.05421970494574457,0.03544909309074675,-0.031893413563563185,-0.07966548915759876,0.0401911867072538,0.5140931145764731,0.805723978370558,0.2641328249994106,0.26303655185996566,0.7271776614144682,0.45152230917048425,0.0008880850961815434,-0.11250165376809294,-0.08916569020077282,-0.024208039084148217,-0.0038135751840609883,-0.010030196199469736,-0.027611799198211953,-0.08496534476793109,-0.11047905023911751,0.014603179587858513,0.4407583239647571,0.7160136700269298,0.25482487731921627,0.8944402601799616,0.26430459050152305,0.1238331298293703,0.01336888451097516,0.5926291469740883,0.5989820973759077,-0.008219291207279742,0.1049014968479297,0.25993848245954093,0.857735247813431,0.840267317254057,0.3447155713888523,0.11399393400984317,0.07847952784668973,0.07836296618180742,0.15308866140312924,0.3274700049263129,0.8362970377674455,0.026387639342234072,0.021933300216117533,0.012992510752421948,0.022945656650057985,-0.007286071658229265,-0.0011958992880739083,0.022945656650058037,0.012930087704477528,0.018250820406654215,0.002610779212642584,0.017758849515834115,0.022945656650058557,0.0031561897603420625,0.025827105106419758,0.01775884951583433,0.00436030633898994,-0.01092486959112,0.00993990223787674,0.01671109852699721,-0.0009679198790284569,0.017240582391367956,0.008864363001409746,-0.013328497879394823,-0.011277448984480623,0.021138862930641895,0.02393089300130691,0.015142725475080514,0.0019183802100237765,0.018910458637679133,0.008789946812753148,-0.0014145182498401174,0.013755476050997702,0.013131687836111098,0.017853287436719194,0.0009649074171136004,0.008864363001409432,0.0006797125094005187,0.018910458637679504,-0.0634350095487059,0.03498985373471729,0.025438414838548244
tooth_03_count_code,0.08458196148970361,0.5075268442403481,1.0,0.32813219664669757,0.14321547630628595,0.18915635643664896,0.09642948460914663,0.1076890893496981,0.10552214162684023,0.09699339043588623,0.1869034121909301,0.1520315960378706,0.328210853249781,0.7664618595855563,0.503922443961463,0.1121430643663627,0.11279817635687908,0.5307238471928138,0.6800250914767964,0.26348862523910466,0.07400990182981769,0.09701054647995387,0.006883857336983834,0.01337865356317685,0.012375171744485707,0.015409139833496644,0.09974871254692744,0.07911080565422657,0.2660710601227307,0.6627452075096021,0.5007447696463554,0.12025233880592266,0.3753847311921441,0.7038288046287321,-0.013760419274517082,-0.06790607793324176,0.6779313484840355,0.6797504563447145,-0.07518070251941597,-0.01161128123677116,0.6741602860940468,0.3769515751914167,0.4080241695369764,0.7350320611483643,-0.02150373907871375,-0.0787031890071601,-0.06884928530835656,-0.0005572024642150769,0.7296821371183139,0.4073890481250693,0.010274707557529473,0.028469735160897743,0.016794987818786914,0.029398701096181035,0.005214735879524253,0.013751122180490726,0.029398701096180875,0.031190668103030037,0.01105200528327528,0.023473583829751895,0.013806145783458276,0.02939870109618125,0.018125740370506377,0.026336106050719867,0.01886975466946985,0.011052005283274177,0.003240292562982073,0.019569989301081968,0.0018466375358333642,0.01049568581599414,0.012652160062067746,0.010765418689516124,-0.013258075834466445,-0.0065295376779783065,0.020336018872350644,0.030305199369811513,0.027269234048284827,0.011524465070497463,0.02538032870205582,0.018125740370507137,-0.01802863637285762,0.014823055516749744,0.027271443815760802,0.02440038987389055,0.007640599005488346,0.01722466990322594,0.009819624460839145,0.019569989301082114,-0.06123495167071341,-0.04986806317311256,0.018474145287542668
tooth_04_count_code,-0.022426158099771075,0.05173867026138898,0.32813219664669757,1.0,0.5987030193640452,0.6290309345828065,0.4991543925764425,0.49086074366025606,0.48917858690516425,0.49249081949885254,0.6372216835679577,0.5891079054388165,0.8002904474371395,0.32997539069405035,0.047075994983656076,-0.013038142270547767,-0.025171317610094557,0.05942816082617571,0.33671678107633674,0.6975386736467355,0.5262151362021761,0.5687897721576809,0.4506872982209802,0.4217543770416302,0.4236062033678009,0.45801377355126666,0.5707588002431725,0.5215131197013445,0.6932683833304448,0.31806927890774517,0.05365082535502829,-0.03452642863070935,-0.6626314824022502,-0.28112231034101925,0.1893484571757991,0.007935215850297517,-0.6169398009869419,-0.6199547058705561,0.015370572161306275,-0.03880221097281298,-0.2798316254062317,-0.6570044437650121,-0.6954225071275136,-0.34958005678017445,-0.025835544117506663,-0.04558704946871534,-0.053624511292825645,-0.07309063280285055,-0.3346220015004208,-0.6885504928719396,-0.04227819093601058,0.02871418326139194,0.018285557671083925,0.02301937732402272,-0.01126056831063788,-0.0033449438819144793,0.029476264905367037,0.030950824667074293,0.02277911077478685,0.009596125258368877,0.021206549043457572,0.029476264905367432,0.013124922926932668,0.031665267016563886,0.021206549043457094,0.022779110774786553,0.00608991325826903,0.015329498850635904,0.01243603148733535,0.01909418651554602,0.024897671536589328,0.016208220677749116,-0.01058750991702571,-0.00025220506192869115,0.027470469366673765,0.030221468506877215,0.03236564423759129,0.021110870744340215,0.024702294340498816,0.027840858689003527,-0.015228527499305684,0.023585823198036388,0.02514935718501901,0.023871343555187108,0.0203958625770463,0.013892760580928016,0.02738243141202713,0.02470229434049837,-0.04605093051695066,-0.14473764061474453,0.05967129473780931
tooth_05_count_code,-0.06668018391579664,-0.0705035132853117,0.14321547630628595,0.5987030193640452,1.0,0.6703982799595413,0.5914850452548502,0.5810191000967987,0.5826498879060306,0.5905160982523954,0.678986148038815,0.807170045915034,0.5917116306595881,0.1503494147561843,-0.06974153514855279,-0.05727477449391375,-0.052686500505419565,-0.056659833371591736,0.16684112029936352,0.5602753089877256,0.704799129346187,0.5944668902425351,0.541392330640776,0.5229784112477912,0.5155448457008471,0.5445019518718202,0.595907055041094,0.6931970540779433,0.5429778354810805,0.16408056401079138,-0.06000809943160966,-0.05885965339737496,-0.5461661626962785,-0.28819484626680897,0.001658737034819193,0.488987243459981,-0.6081180673945871,-0.6035671846701749,0.3500759126782823,0.013711583061791786,-0.2857131111076876,-0.5452964125359483,-0.5865653871069909,-0.35543268526453803,0.005079573327211058,0.2029161384674992,0.18860340200203354,-0.04209614998175245,-0.35261955392480304,-0.5826612037104097,-0.06434797074458731,0.026988585077899023,0.019983802232151657,0.027929827379843453,-0.014940974309356987,-0.00176755883337489,0.02792982737984331,0.02383086767176832,0.02295388471203633,0.009613956443744262,0.032600090879021916,0.027929827379843217,0.013639780727304691,0.02479821121722806,0.022293862255321494,0.014713403530232597,0.003665814500348478,0.014961301380843376,0.018728297081420386,0.023355524166235663,0.021995279441590083,0.006573426309671709,0.007509161433355747,0.015366031122804198,0.029892408494620566,0.028847766699939596,0.03147613707477196,0.009713177672034336,0.023830867671767442,0.03313594439396904,0.007850878868558255,0.023890995503567707,0.020423923833556446,0.02283858253758623,0.010936513974181742,0.013146852619343395,0.018107963599035735,0.017917823477817514,-0.03708687712941653,-0.1344830753974177,0.08027957087483795
tooth_06_count_code,-0.014333768900034731,-0.03866077500154819,0.18915635643664896,0.6290309345828065,0.6703982799595413,1.0,0.6433782119217537,0.6281259850761176,0.6302931825583761,0.6278966265814551,0.8542264326695168,0.674213426860057,0.6312313722233412,0.1877791267821474,-0.026325536006557328,-0.018943320651399954,-0.020711643621851145,-0.020224985667872664,0.18974760932352888,0.623161501801135,0.6484918976105765,0.7211456444145731,0.59677322179951,0.5604531461806783,0.5646305656009546,0.6012658339411168,0.7343129621215844,0.6495687776236241,0.6269539718961478,0.1940385819692578,-0.02370114153180207,-0.021607026194483313,-0.5250935833089021,-0.2926593796775007,0.0006124222114501783,0.09805723311923538,-0.5979360988341382,-0.6074128159655982,0.1130749090408829,0.0119703290337979,-0.2925338001094226,-0.5227474971459966,-0.5722985701441746,-0.34247659531657554,0.034080880111752795,0.04106580176993869,0.06100117656390159,0.005350272122580064,-0.3371630572505835,-0.5654365392008732,-0.034467348266508116,0.038599114378152125,0.029622321706406995,0.03884299503541073,-0.011244319349771837,0.01537635955401445,0.03884299503541049,0.039339639324123155,0.026192612476505266,0.024031222847038448,0.035145725049559595,0.03884299503541041,0.014766658449437553,0.039591489928369424,0.021618022842424915,0.03340344775816583,0.023564016154132245,0.019936348383769724,-0.00027277090550346245,0.026794544733382,0.02938962125842314,0.020132274630934636,0.014116251788639454,0.019273070430403307,0.033080527324994634,0.03908999962917142,0.039845182237146934,0.032683886059975,0.03157832294798196,0.04035684336516254,0.022293611852300207,0.026643948023355565,0.027525787550906147,0.031202492295088757,0.02111037813302839,0.02300831386392531,0.028800939907381924,0.031578322947982115,-0.04882857002796414,-0.11046692939135858,0.0823401075969363
tooth_07_count_code,-0.01371550541967108,0.026256515714407694,0.09642948460914663,0.4991543925764425,0.5914850452548502,0.6433782119217537,1.0,0.796515131096577,0.7886396056416276,0.8425770585126164,0.6397517282115658,0.5871212884907461,0.5045217886510106,0.10096071715317892,0.031572314918972354,-0.012786071530474044,-0.00874868020116397,0.0431918803087901,0.10823184075042924,0.4732886081501913,0.5619126770536252,0.5358883224201532,0.6492678988538084,0.6536392776550813,0.6539122645797694,0.6557463191314313,0.5441305266061028,0.5475950858769405,0.4879985556907127,0.10831642329488715,0.03270246262010299,-0.010360916875314343,-0.30224213719096876,-0.42484944728488505,0.04064496702323027,0.08050621293989474,-0.4851601689812456,-0.5215863940626344,0.07416885185235289,0.03810994207655055,-0.42369306880166546,-0.3034228040417623,-0.3286381361173999,-0.4852987846906638,0.054269284280120886,0.09559325608634266,0.06935651873452858,0.03433336762874715,-0.4716887827665079,-0.3255264141532559,-0.03990317993572515,0.044615008221982166,0.025145896389138316,0.04488798504869664,-0.003944600820562463,0.03359112384242842,0.04488798504869664,0.038293315882357605,0.033591123842428815,0.032143204851201874,0.020296870144140364,0.044887985048696684,0.026378061537959758,0.04572808037466585,0.029645811369520648,0.04023562997775515,0.031657829582741256,0.02756568608668416,0.015691906380602173,0.04356505870487313,0.029746685362584024,0.02915174947265336,0.020482059492795215,0.026448195867342966,0.04635864410311444,0.04516486747689823,0.03561074618345339,0.03946678649077155,0.038293315882357334,0.046589804485705356,0.019287891165863984,0.03406048710526534,0.03498089476545664,0.037896834187184696,0.029123601365677324,0.021201272343747822,0.030160001961904406,0.03829331588235761,-0.03217697006914282,-0.1244639858901721,0.0825437158071709
tooth_08_count_code,-0.008922507405306614,0.04646355931514653,0.1076890893496981,0.49086074366025606,0.5810191000967987,0.6281259850761176,0.796515131096577,1.0,0.8831673325660284,0.7787619097856102,0.6322308290098121,0.5790564231331936,0.49264620847934104,0.10712705238493551,0.04529826245221054,-9.093318212684357e-05,-0.005302009785062625,0.06670781533648196,0.11405470402089816,0.4642143546962375,0.5316001647023999,0.5213628511759071,0.6671660068760163,0.6922786802966966,0.6886691207813451,0.668731159224608,0.5310405801724868,0.5407569684046869,0.4735198424116605,0.11604838474876789,0.056456365996880385,-0.011222241305988818,-0.2708978249975588,-0.4469255916113466,0.045655635073683656,0.07912456604525588,-0.48975978439869566,-0.48981225805173156,0.0620437312628472,0.0344398724387534,-0.4379892962966659,-0.2698036052396722,-0.2955609604606068,-0.4948671220629595,0.06812374785803466,0.08547298556176754,0.08168561397852207,0.050282186728957456,-0.4973254821234538,-0.29224895829327335,-0.03329723247945241,0.046880529173474385,0.023110742942300384,0.04710523386461447,-0.001861075174602169,0.028354054154252954,0.047105233864614446,0.04757235379513625,0.03517395830236772,0.027269845619589585,0.030925881423960393,0.04710523386461475,0.020898722834802184,0.04781333461243279,0.024528728473349328,0.041993862450480306,0.03284993434662869,0.040231812556717865,0.005479910373732165,0.045071483943945036,0.04164400423909934,0.024481048333731346,0.01544435677638184,0.02187701671469751,0.04205371402093922,0.04733609720464893,0.048058452914739355,0.04129276611659308,0.04023181255671753,0.048559098040532246,0.0024445991170009033,0.02888510758609455,0.036477927547331535,0.039876206375801394,0.030427441287993164,0.01632069888915453,0.025095301658947394,0.04023181255671806,-0.05276985650740578,-0.11062258080993351,0.07924093791981669
tooth_09_count_code,-0.0041824949992265124,0.05421970494574457,0.10552214162684023,0.48917858690516425,0.5826498879060306,0.6302931825583761,0.7886396056416276,0.8831673325660284,1.0,0.7928030810761576,0.6299523901649706,0.576712477316106,0.48816788876871176,0.11046184003704038,0.051492000168427074,-2.993091028208138e-05,-0.0011115433167458296,0.06415922343213379,0.11593868894904466,0.469381280764638,0.5358353386344165,0.5274792199246102,0.6711478602473653,0.6886099391437716,0.6888718631215602,0.6714391447673063,0.5319322163960789,0.539928396374349,0.4708026933147174,0.11678488306318038,0.06321907235487743,-0.008164307036970372,-0.2675221587124559,-0.4513310598155299,0.05105515616345801,0.08307452309460182,-0.4818216315589003,-0.4830494121191894,0.061216888443123896,0.03651257043238913,-0.4419389101058661,-0.26639869217562795,-0.29099871931077503,-0.5001369935173392,0.07461341272174894,0.08380020801665433,0.08686004115218991,0.04171178004855393,-0.5004509933900406,-0.2877437645511003,-0.03548162798906667,0.047358783251497776,0.02949995389861954,0.04756725121698313,0.007982002460105142,0.028654971015876215,0.04756725121698307,0.048003872113701294,0.04233730222317519,0.027453534031717998,0.044008371541090545,0.04756725121698334,0.028126276888801427,0.04823049163599006,0.031174178632645166,0.03549613661952408,0.03306115943507108,0.02959530758632345,0.008104943328633327,0.051450635939275714,0.038531254913334624,0.030014562665263308,0.024189454062011884,0.02691141609837969,0.05353004199837331,0.04778255340368916,0.04846178339683153,0.041660899308900864,0.040640446302750065,0.04893623293786796,0.014278530964857247,0.03592440410768591,0.03676677586399539,0.04029940592288467,0.02419011234435523,0.03274315927119622,0.03799717333909339,0.04064044630275047,-0.036592906404467,-0.11246735542460244,0.07753518986687474
tooth_10_count_code,-0.006499420157075371,0.03544909309074675,0.09699339043588623,0.49249081949885254,0.5905160982523954,0.6278966265814551,0.8425770585126164,0.7787619097856102,0.7928030810761576,1.0,0.6425396399684531,0.5804728556164943,0.4969123664150198,0.10537468297587156,0.03916621494373008,-0.01340229201356477,-0.007952528869366064,0.05335817191692234,0.11305015714753495,0.48404982846927647,0.5542587465940562,0.5382561615733008,0.6539647588386458,0.6549540322442114,0.6519813837372257,0.6661738573195308,0.5518981489472414,0.5506859221770269,0.4835910269633061,0.11659728685060125,0.04534837405268948,-0.01310596847654538,-0.27507790334014187,-0.4099262245851577,0.03308565417026047,0.07681178354887591,-0.4820463126669786,-0.46488062051699947,0.06995298922464689,0.036885067601030976,-0.40607955968107234,-0.2784700516309803,-0.30245643804360034,-0.4593803364360356,0.044155353909641856,0.09727636977608511,0.07140848371364453,0.011683217740867164,-0.45864371548975585,-0.2992713506756578,-0.038055400181987026,0.05303462779157314,0.037638877874318605,0.05315277686764397,0.012894824427310499,0.04086045800912992,0.05315277686764405,0.05342228134960234,0.047551753942796385,0.038459173118779985,0.036375147717012515,0.05315277686764492,0.030318906546393614,0.05357139465273387,0.03637514771701251,0.04755175394279352,0.03205560891689511,0.035416993931773305,0.031240411358952745,0.05004222647358583,0.04728063285131381,0.034694674798401,0.03762126942918721,0.0289797886419054,0.05227084720282675,0.05328239223990887,0.046744827974096737,0.040129391606140666,0.04622016638247019,0.054065323373282216,0.016660701125409794,0.04122290548414914,0.04194151100809795,0.04596317835001036,0.03594440646046838,0.02668821138338495,0.03680103063255733,0.04622016638247107,-0.02134336907652283,-0.12446439413479753,0.07221611517403195
tooth_11_count_code,-0.021620822175657695,-0.031893413563563185,0.1869034121909301,0.6372216835679577,0.678986148038815,0.8542264326695168,0.6397517282115658,0.6322308290098121,0.6299523901649706,0.6425396399684531,1.0,0.6817066353890197,0.6381698398454728,0.19451979281930443,-0.027859962774301045,-0.02917931634255041,-0.019551451844703478,-0.022973962363817862,0.1893309843095934,0.6213337083122681,0.646832584693267,0.718234330663609,0.5933406358015273,0.5572359305432952,0.5525046670727579,0.6079255619350421,0.7372035302089421,0.6569285587848265,0.6302434665880133,0.19251151189405094,-0.027158144888627243,-0.023413529098857088,-0.5324376473595958,-0.2956718533748859,0.0036329966490044855,0.06455382352708533,-0.614881198288873,-0.615361248658101,0.05888781615937108,-0.0015218078340755276,-0.29314344930903635,-0.5325626797502645,-0.586801206597386,-0.3463525059624645,0.020655802037257563,0.018753609623176418,0.027217053808825397,-0.004860423674473469,-0.341690880639245,-0.5759203845984917,-0.03648594219782878,0.038033121288721085,0.019574537723076817,0.0382890708588389,-0.018882353442045238,0.015084954338506155,0.03828907085883907,0.03880820817135419,0.01508495433850649,0.023767680026334136,0.034754067764430165,0.03828907085883903,0.01446901052464551,0.03148753458755327,0.021329067873713626,0.032975180887330466,0.023295686121515332,0.019552227017629008,0.013558337647532413,0.026501688527490047,0.03986491475410437,0.01141681737146286,0.03205461254422919,0.0033696061646586277,0.03871811404347531,0.038547581186765684,0.03933432564419683,0.024878788747854787,0.031105815709864357,0.032608942117116485,0.009769231121536034,0.026277544416749374,0.027172878384552457,0.030719955809098493,0.014021301942344706,0.014271021714328258,0.021833250464991,0.031105815709864752,-0.05327397894594428,-0.11804707083594461,0.07664496764616902
tooth_12_count_code,-0.06102967543969065,-0.07966548915759876,0.1520315960378706,0.5891079054388165,0.807170045915034,0.674213426860057,0.5871212884907461,0.5790564231331936,0.576712477316106,0.5804728556164943,0.6817066353890197,1.0,0.6111407811505463,0.14773196439266684,-0.08367125781001172,-0.05118316959899257,-0.04152167943623603,-0.056659668389110365,0.16755479620338345,0.5470851248436288,0.6902339119105894,0.5933163786641381,0.5392417232252363,0.5233174760391909,0.5218657377657625,0.5426466411227852,0.5961372288680721,0.7091369933158724,0.5600164037559849,0.16946252354725277,-0.05752372622107443,-0.050513506869432935,-0.573548580647509,-0.29749763717723837,-0.012895833708590704,0.34230964687855475,-0.6196794755395467,-0.6180074901513603,0.47798956978276963,0.04863673064428182,-0.29255020964662076,-0.575044041663021,-0.6112744368637898,-0.35779387178905403,-0.0044161014285683765,0.19387625372037293,0.2177806208475696,-0.01740386938964897,-0.34449076079725727,-0.604579442606344,-0.050369512619307125,0.025098247470275576,0.021553641054589765,0.02609234145558648,-0.014292855714141937,0.008161370176891366,0.02609234145558649,0.022203501611405524,0.02433260488010007,0.006633335650466758,0.01365791691760687,0.0260923414555864,0.020641718412621583,0.017503595832127277,0.02124232423110666,0.01624698752849581,0.003143734884468217,0.01350062158281378,0.020585925074934744,0.029708294658220544,0.015176069510572458,0.004299927690819532,-0.013282053413848588,-0.002485317390448934,0.03587597460730239,0.02706083672511541,0.02420261025651672,0.011305659270074238,0.02220350161140505,0.006977596157497718,-0.00879766094895382,0.022610335154926015,0.024492963781417822,0.021164583501528802,0.010050664080986642,0.012899783072459262,0.01718161669860291,0.01640158159234381,-0.037966353933298044,-0.1341574276609901,0.0750499744929375
tooth_13_count_code,-0.02887001047326183,0.0401911867072538,0.328210853249781,0.8002904474371395,0.5917116306595881,0.6312313722233412,0.5045217886510106,0.49264620847934104,0.48816788876871176,0.4969123664150198,0.6381698398454728,0.6111407811505463,1.0,0.33445738884547793,0.04324582448019093,-0.0306420246964255,-0.030453891666762108,0.06253481453011063,0.31857600215120996,0.6742460151001118,0.5094066578999834,0.5587834964553121,0.43520764841356124,0.4140236578217319,0.4121132434563068,0.44415640472224155,0.5599470025823695,0.5203321270153791,0.7030717321639418,0.3365111606697552,0.05314699960825423,-0.03813622646177784,-0.6794988551472916,-0.27798948721190614,-0.043967352161383484,0.015111227859560136,-0.6340505333861014,-0.6324455269368469,0.03018846908906863,0.15320283051482267,-0.27595824826691856,-0.6848663891416842,-0.7187538809126642,-0.3633566718306754,-0.044715995192584124,-0.03090759856279396,-0.04097486546811707,-0.09115047983269489,-0.34806996408135066,-0.7053846095029909,-0.024884197802435004,0.026811122677427506,0.017412239745804102,0.02761716323392793,-0.0024370675833939363,0.015789358372411546,0.027617163233928124,0.029173783315148624,0.010122458314142544,0.001470719377059821,0.012170211128310912,0.02761716323392817,0.0062377819307869245,0.029926626949407144,0.020143642786863487,0.01578935837241095,0.008084337603884191,0.013924993644393202,0.010067859206410368,0.0233173156533602,0.011983778445577827,0.006780723561307041,0.006188096898391264,-0.01667477345384047,0.03840524482062474,0.028404320404361298,0.021791666034019126,0.01972919851080953,0.023074267446846614,0.02347577147516097,-0.02242460878210367,0.013904279322848052,0.023907160714368006,0.022205632731548377,0.013929631600564311,0.01808192949681868,0.007827833396145048,0.01697475157854474,-0.04916606432612265,-0.16424131069500633,0.05645767864786479
tooth_14_count_code,0.11538081634866222,0.5140931145764731,0.7664618595855563,0.32997539069405035,0.1503494147561843,0.1877791267821474,0.10096071715317892,0.10712705238493551,0.11046184003704038,0.10537468297587156,0.19451979281930443,0.14773196439266684,0.33445738884547793,1.0,0.5225224101395567,0.09747811986159914,0.12555725763238804,0.5124256871736914,0.6534442423294359,0.25577781081456874,0.07578395772420693,0.1001069776527241,0.002031033400148569,0.01556462979799183,0.015267865495014521,0.011871114686485836,0.10090138833747657,0.07979056772716908,0.2840337173274064,0.6934619233708187,0.5194624054664823,0.12518158611407573,0.36500557532727446,0.667756710494496,-0.00712154577095546,-0.05990840177229188,0.6674175760753835,0.6692239152684165,-0.06567537914870354,-0.004936766001003377,0.6963186856466775,0.36446535213721437,0.40036446561174605,0.7271821072994549,-0.010108208506475088,-0.06969042758695668,-0.05982909155599161,0.005594809127397082,0.7278034947785542,0.3961296721293188,0.004078333117740383,0.034530277194788295,0.03635916597593145,0.03535920344322283,-0.0026085660736925656,0.01911629457455406,0.035359203443222846,0.025336163104021373,0.0218175101122633,0.013892302653004089,0.023917703310248558,0.035359203443223006,0.02904457091988634,0.0320208410064302,0.02898524929682043,0.029921156725388667,0.010479295253628463,0.02533616310402129,0.022696595766107944,0.005638605567942489,0.023566734746394882,0.017238062576129722,0.01630604986169459,-0.0025371263611527824,0.02257748773464422,0.03617072707989344,0.03851071224665721,0.028148979860778398,0.031151020209862552,0.009872144312666196,-0.0110951728178867,0.02544969780434887,0.02725313493828724,0.030261326425907387,0.017868664855376915,0.02801185168621096,0.014803328222833048,0.03115102020986279,-0.04214578504836972,-0.0707791872795097,0.049190514166405956
tooth_15_count_code,0.2517382067401934,0.805723978370558,0.503922443961463,0.047075994983656076,-0.06974153514855279,-0.026325536006557328,0.031572314918972354,0.04529826245221054,0.051492000168427074,0.03916621494373008,-0.027859962774301045,-0.08367125781001172,0.04324582448019093,0.5225224101395567,1.0,0.24927038235436882,0.26962733360249164,0.7149395303915264,0.437927259281395,0.006456063918767915,-0.10531699511673527,-0.08325590853556811,-0.017288647625776206,0.002932836744221787,-0.0038361956944696243,-0.020948653977992494,-0.08426539173013765,-0.10960409559126601,0.015221937898677937,0.45400400748230185,0.7277979548530457,0.26100237109767527,0.8551353065792343,0.2624012176815726,0.1179246691305089,0.020644445779805544,0.6024043233330256,0.6061271075012781,-3.960206141011143e-05,0.10938884790251796,0.259139223081767,0.887787076865542,0.8482067258032236,0.34266126968261584,0.12627764945618378,0.09136205744166001,0.08551159035764155,0.15379168368410984,0.3294886653418253,0.8415257340237869,0.03084882702483425,0.038560038945541344,0.03445087163708376,0.039312067843000294,0.011061771732277839,0.01696683656913808,0.03931206784300036,0.040775783424086706,0.027872072148636885,0.02145641493413749,0.026982547966347328,0.03931206784300036,0.03250286466003998,0.04148887247296783,0.026982547966347248,0.022419454358886762,0.01078107375599484,0.02610359563606022,0.020745252977988207,0.02788087681544678,0.038031588035119045,0.008699099104763481,0.0050687087457497145,-0.01475371476601038,0.02961196049486509,0.040050405203485365,0.036499168518983945,0.026056168828962684,0.029038033193665484,0.01591669453480489,0.0006455574290142188,0.028751079534000436,0.03045633917973083,0.03408610826329917,0.015752974481751746,0.008699099104762787,0.007623698058793124,0.03490690830887636,-0.061004335764478515,0.03833952667011437,0.0431673147053554
tooth_16_count_code,0.6674113448892366,0.2641328249994106,0.1121430643663627,-0.013038142270547767,-0.05727477449391375,-0.018943320651399954,-0.012786071530474044,-9.093318212684357e-05,-2.993091028208138e-05,-0.01340229201356477,-0.02917931634255041,-0.05118316959899257,-0.0306420246964255,0.09747811986159914,0.24927038235436882,1.0,0.5801385927856367,0.2092018029308498,0.09011738487963483,-0.018873124932510414,-0.04685788069483554,-0.03905076246293499,-0.01803384481742454,-0.013927006837415578,-0.012715974030549682,-0.02190311698821655,-0.037101074021485554,-0.05009108563371737,-0.01693266439696377,0.09384535137572213,0.21308233266614926,0.5560300218558041,0.19227159542095165,0.08259806131537557,0.025245132356345006,-0.016642414372196983,0.12571796421563697,0.12909548641468663,-0.018332280667592977,0.02707928815209582,0.0699523984439335,0.19978673579420972,0.19956078531487736,0.10081331488007897,0.04045658222332581,0.021260878122778857,0.013999159759171018,0.039508368740079396,0.10117281269711365,0.1982132778759765,0.02684588966061895,0.03276081219501522,0.02833062196019698,0.030676894238781213,-0.0021590511307758974,0.02068604653288586,0.030676894238780842,0.02673837382559141,0.034150101468597205,0.027676466777233417,0.040764396330509586,0.030676894238780554,0.02509402620098076,0.036286438375863365,0.03066083863954021,0.017993235545743894,0.019553380946991508,0.026738373825590363,0.04148125178060943,0.043681522868645996,0.030554818658237858,0.006444160553005596,0.034149394957960495,0.019669477762718598,0.0490548688300693,0.03456240086446629,0.028690413380328655,0.03240253238858528,0.026738373825590855,0.02509402620098088,0.02329875841071989,0.021714392952405917,0.02888072191129616,0.028671386694609387,0.024665869450297268,0.015036374623679422,0.01405306008824357,0.0325351386096965,0.00782712461700142,0.12208798386697445,0.016075797849803126
tooth_17_count_code,0.5401131661692498,0.26303655185996566,0.11279817635687908,-0.025171317610094557,-0.052686500505419565,-0.020711643621851145,-0.00874868020116397,-0.005302009785062625,-0.0011115433167458296,-0.007952528869366064,-0.019551451844703478,-0.04152167943623603,-0.030453891666762108,0.12555725763238804,0.26962733360249164,0.5801385927856367,1.0,0.20345855258507267,0.06075348243638479,-0.01869784003487856,-0.050478010489709485,-0.03767929276407614,-0.0203201335002967,-0.022294058831911486,-0.021147651760652537,-0.0227165370914882,-0.03856844481219451,-0.04949881833304888,-0.016030388755962344,0.09518221220753813,0.23920771640989566,0.647586234163105,0.21747333697244783,0.08331255713204253,0.035302755819369626,-0.00613453493372156,0.14675300014873233,0.1495647276439904,0.006184152858854071,0.036780933223616176,0.08294882613417846,0.22667367112641112,0.22937387572790877,0.11138484907743954,0.04019551131505617,0.02293180386035098,0.02331519906369774,0.046553863244513376,0.11281443860837725,0.2296213337878807,0.022756016118124785,0.0009790030713709727,0.0031158319860058537,-0.000668011627638532,-0.02411573019402443,-0.008258317295153621,-0.0006680116276386661,0.0018008405043400634,-0.005655696086984172,0.007370751377270156,0.007350698308956179,-0.0006680116276391396,0.0010294795639723942,0.00021972257905224628,-0.007297043576773793,-0.0004504536706447585,0.0017682215164100872,0.0018008405043397834,0.021581302309852248,0.006432226095926726,0.0010294795639729625,-0.004152218382991457,0.0008313272005637498,-0.003129408713058357,0.019909098920159775,0.0034334308266741774,-0.0013134538685147478,-0.0028018730172868593,0.0018008405043398756,-0.0042484156654099565,0.0033667983575302648,0.0032449829478612253,0.005347914137219661,-0.0022602767856702024,0.001418864312654011,-0.00622832757448769,0.005905362077732101,-0.0038017743980517152,-0.0031876632251815556,0.12014941699925571,0.028170936282811112
tooth_18_count_code,0.20799495169483018,0.7271776614144682,0.5307238471928138,0.05942816082617571,-0.056659833371591736,-0.020224985667872664,0.0431918803087901,0.06670781533648196,0.06415922343213379,0.05335817191692234,-0.022973962363817862,-0.056659668389110365,0.06253481453011063,0.5124256871736914,0.7149395303915264,0.2092018029308498,0.20345855258507267,1.0,0.5094220892099022,0.04419966527006797,-0.0959584182119322,-0.07535715714269825,-0.013858309666451235,0.005741001348952366,0.002425968463206267,-0.010849043519334028,-0.07808609039129301,-0.09633911594807615,0.060102833879854455,0.5024469909057075,0.7848310004569762,0.22980346412312896,0.7969355966783401,0.2801588859071568,0.10656578804339575,0.00955382064417587,0.6472927764431627,0.6508594520887846,-0.003346266418018896,0.09740829895816996,0.2827878713776304,0.8007568391503319,0.8971047021989944,0.35548291386042424,0.1174581840446079,0.083499725238643,0.08162313900654858,0.13894379374649968,0.34519002292192175,0.8614960257177704,0.028369192907397915,0.023993111691578136,0.020934671322211044,0.019385340661733766,-0.00273241794890613,0.003988760650849179,0.02515824387201217,0.016222677571438804,0.019559899437994886,0.018392492784949928,0.010385469843622644,0.025158243872012362,0.005239469227039211,0.022972450605103337,0.012819789404748075,0.006583950448706379,0.01499777820222877,0.016222677571438075,0.014383690474967277,-0.003604970540351441,0.013133706665699948,0.01035090580238071,0.003771414818528645,-0.0163329815131674,0.02106195824652151,0.026291800858619853,0.024105871228793253,0.00919614499765827,0.016222677571438356,0.015765119145252922,-0.009737909853062339,0.023256042206121885,0.005425440589511901,0.020614350808970786,0.0042392315879007676,0.010350905802380949,0.0019536826503145283,0.01622267757143816,-0.0543564329374132,0.0012556900250351118,0.046503876105024086
tooth_19_count_code,0.09182338708696625,0.45152230917048425,0.6800250914767964,0.33671678107633674,0.16684112029936352,0.18974760932352888,0.10823184075042924,0.11405470402089816,0.11593868894904466,0.11305015714753495,0.1893309843095934,0.16755479620338345,0.31857600215120996,0.6534442423294359,0.437927259281395,0.09011738487963483,0.06075348243638479,0.5094220892099022,1.0,0.3079758045233004,0.0949374257151225,0.11539017912043992,0.025274865360229225,0.016596866095399145,0.020993130481081014,0.031281861583561624,0.11900608397905862,0.10971445504813346,0.3092119507428106,0.7568608188639138,0.4947451875909698,0.08302920432020469,0.3503978585625676,0.6145381625750049,-0.023173079383775694,-0.0729243561620085,0.6428833576649613,0.6446334910821376,-0.07912721412253343,-0.021376940699930336,0.6194475831699288,0.351949504444782,0.3784305709470009,0.7941848164459964,-0.029235363846841295,-0.0860953118036393,-0.06749205004830401,-0.015092812945346085,0.7479128420122825,0.37485398164627476,0.004189061248711603,0.0398022708330869,0.01681122506213952,0.04077662990707791,0.003794484172717834,0.009176714356059903,0.04077662990707774,0.02634590669567125,0.03697225323657354,0.021325692264009325,0.03217945720239389,0.040776629907079164,0.020606462528628404,0.038225170137785404,0.02743899298840503,0.02686478455274884,0.027016390574156286,0.023626136407178082,0.020190098131981294,0.027016390574156827,0.041103552377905396,0.022172482715223405,0.009508296229680909,-0.003929121878412986,0.03477069131237412,0.04173030521530604,0.039204201843831464,0.011574950777759165,0.03178544727265519,0.0231685987597891,-0.003716632869147016,0.03794546862986845,0.02283174561381788,0.036202323347836934,0.009566907175612914,0.0403136049367698,0.01678364517295766,0.03178544727265541,-0.06077858925162672,-0.08862248605435058,0.044193223644555225
tooth_20_count_code,-0.01865487948333606,0.0008880850961815434,0.26348862523910466,0.6975386736467355,0.5602753089877256,0.623161501801135,0.4732886081501913,0.4642143546962375,0.469381280764638,0.48404982846927647,0.6213337083122681,0.5470851248436288,0.6742460151001118,0.25577781081456874,0.006456063918767915,-0.018873124932510414,-0.01869784003487856,0.04419966527006797,0.3079758045233004,1.0,0.5715956482660526,0.6088454387742103,0.48013845226326,0.4396435786158451,0.4378468874699048,0.4883499443691913,0.615220734504274,0.5541326603916782,0.7642110290842505,0.29487197856009734,0.03751835358796672,-0.020707394695785978,-0.6032873826273545,-0.2672186337622793,0.010513773092065729,0.03843585419036479,-0.581249696002771,-0.5840076277401655,0.06257761327159572,-0.01668326895506433,-0.264827302480557,-0.6047953123350723,-0.6490669537151894,-0.34367999438824853,0.28562445849886553,0.018734140058342917,-0.006915274239141772,0.02732795628566121,-0.3306352546767431,-0.6375727755196211,-0.04146863291125381,0.049047010640020455,0.03254834195745775,0.049254645037525094,0.008201779043367802,0.025186707620107385,0.04925464503752499,0.028956411331141536,0.04445076308063031,0.03635853918658011,0.043097441966384945,0.04925464503752581,0.03109501396117654,0.04311383754225856,0.03406248292930651,0.03160805944028127,0.03303371411005159,0.035867974429196356,0.030153896403712886,0.035910545955766975,0.037605992591394195,0.02305038617310295,0.030408689629141252,-0.004894413832210918,0.03670387097628372,0.049469630596739776,0.043448324531665763,0.020666996359157783,0.042779537527252595,0.031095013961176702,-0.0092279395844472,0.03844863506705058,0.03927494711105863,0.042445692648086,0.0396822503837192,0.028172694211570242,0.040485661111501765,0.04277953752725257,-0.050306527831155044,-0.12557282160073557,0.04204595980801988
